60810532 2014_Q3 2 Carl 46.5397 -122.9978 0
60810642 2014_Q3 1394 Carl 45.8663 -122.4492 0
60058633 2014_Q3 1395 Carl 45.5633 -122.6557 15.9
60814162 2014_Q3 1396 Carl 46.1728 -122.4225 0
00000000 2014_Q3 1401 Carl 46.3526 -122.4558 1.4
60816697 2014_Q3 1551 Carl 45.8153 -121.9332 8.7
60816702 2014_Q3 1552 Carl 45.8153 -121.929 9.1
60817937 2014_Q3 1554 Carl 46.4543 -122.4152 14.1
60818032 2014_Q3 1555 Carl 46.8355 -121.9125 11.8
60818252 2014_Q3 1404 Carl 46.8328 -121.9153 11.8
60826097 2014_Q3 1408 Carl 45.6955 -122.3678 0
60824587 2014_Q3 1557 Carl 46.537 -121.6173 0
60824727 2014_Q3 1558 Carl 46.9397 -121.963 13.6
60826947 2014_Q3 1560 Carl 45.6515 -122.8003 19.1
60827037 2014_Q3 1414 Carl 46.9432 -121.9637 14.4
60827217 2014_Q3 1415 Carl 45.6553 -122.8037 18.2
60061913 2014_Q3 1444 Carl 46.3612 -121.5693 1.3
60062608 2014_Q3 1446 Carl 46.4185 -121.7888 7.4
60832557 2014_Q3 1450 Carl 45.9247 -122.9448 24.6
60827607 2014_Q3 1563 Carl 46.8443 -122.6695 15.6
00000000 2014_Q3 1564 Carl 47.7983 -122.1094 2.8
60827677 2014_Q3 1565 Carl 46.5583 -121.773 9.6
60816082 2014_Q3 1567 Luke 46.661 -122.2945 18.7
60061608 2014_Q3 1568 Carl 45.8348 -121.9302 9.4
60062913 2014_Q3 1569 Carl 45.7117 -122.5007 16
60064313 2014_Q3 1570 Carl 45.8115 -122.5 13.9
60834267 2014_Q3 1571 Mitchell 46.322 -122.3855 14
60840212 2014_Q3 1460 Carl 47.019 -121.6808 7.8
60835592 2014_Q3 1573 Carl 46.1135 -122.1147 8
60837632 2014_Q3 1575 Mitchell 46.2005 -122.1793 2.9
60841227 2014_Q3 1576 Carl 46.6573 -122.3003 16.5
60844222 2014_Q3 1579 Carl 46.59 -122.1397 21.4
60845222 2014_Q3 1583 Carl 46.5127 -122.4963 18.9
60076208 2014_Q3 1584 Carl 45.7092 -122.0058 8
60846622 2014_Q3 1585 Carl 46.5415 -121.6225 0.1
60847217 2014_Q3 1586 Carl 45.3423 -122.5037 23.7
60847242 2014_Q3 1473 Carl 46.89633 -121.48817 1.4
60847922 2014_Q3 1590 Carl 45.8008 -122.6547 20.5
60848937 2014_Q3 1591 Carl 46.4562 -122.184 2.4
60848967 2014_Q3 1592 Carl 46.295 -122.2322 13
60849292 2014_Q3 1593 Carl 46.3477 -122.2355 7.4
60077708 2014_Q3 1479 Carl 46.8198 -122.6652 16.9
60851042 2014_Q3 1597 Carl 45.9788 -122.845 17.4
60865651 2014_Q3 1489 Carl 46.5362 -121.6233 0.1
60078308 2014_Q3 1599 Carl 45.7033 -122.6702 22.3
60862466 2014_Q3 1600 Carl 45.348 -123.19083 17.9
60079008 2014_Q3 1601 Carl 45.8058 -121.8875 10.6
60863096 2014_Q3 1602 Carl 45.6932 -122.8173 25
60864216 2014_Q3 1603 Carl 46.5417 -121.617 0
60866161 2014_Q3 1610 Carl 46.5562 -121.7555 5.1
60081208 2014_Q3 1611 Carl 45.717 -122.5013 17.3
60081308 2014_Q3 1612 Carl 45.7187 -122.4595 18.4
60867136 2014_Q3 1613 Carl 45.8077 -121.8963 9
60869306 2014_Q3 1614 Carl 45.3665 -121.71383 3.7
60870686 2014_Q3 1615 Carl 46.6685 -122.4497 10.6
60872981 2014_Q3 1616 Carl 45.9467 -122.0115 9.1
60879616 2014_Q3 1617 Carl 46.5302 -121.3915 4.8
60887191 2014_Q3 1618 Carl 45.8808 -122.5598 13.3
60087908 2014_Q3 1619 Carl 46.0587 -122.7017 19
60873051 2014_Q3 1507 Carl 46.8588 -121.9072 12.4
60873091 2014_Q3 1508 Carl 45.3345 -122.4975 28.3
60082713 2014_Q3 1621 Carl 45.7108 -122.4173 10.4
60872741 2014_Q3 1622 Carl 45.3712 -121.7055 0.9
60873446 2014_Q3 1623 Carl 46.4463 -122.6852 1.1
60876806 2014_Q3 1624 Carl 46.0602 -122.7098 16.7
60877891 2014_Q3 1625 Carl 45.8922 -122.6642 18.4
60083608 2014_Q3 1626 Carl 46.1107 -122.7088 21.4
60878801 2014_Q3 1627 Carl 46.5243 -122.294 11.4
60088408 2014_Q3 1523 Carl 45.3335 -122.4702 23.8
60837672 2014_Q3 1529 Mitchell 45.6998 -122.2995 0
60879011 2014_Q3 1629 Carl 46.2785 -122.0625 9.6
60879926 2014_Q3 1630 Carl 46.133 -122.1657 6.4
60880366 2014_Q3 1631 Carl 46.3297 -122.3772 14.9
60880666 2014_Q3 1632 Carl 46.5713 -122.4227 21.1
60888706 2014_Q3 1633 Carl 45.981 -122.8525 16.4
00000000 2014_Q3 1634 Carl 46.3259 -122.3788 13.4
60819087 2014_Q3 1635 Carl 46.5548 -121.807 2.3
60846672 2014_Q3 1636 Carl 45.6392 -122.7567 10
60880547 2014_Q3 1545 Carl 46.3637 -122.4038 0
60880567 2014_Q3 1546 Carl 45.6468 -122.3412 0
60076908 2014_Q3 1639 Carl 45.668 -122.776 7.6
60880711 2014_Q3 1640 Carl 46.347 -122.3922 7.8
60088113 2014_Q3 1641 Carl 46.6672 -122.2728 10
60088308 2014_Q3 1642 Carl 46.648 -122.3087 19.6
60848557 2014_Q3 1643 Carl 46.4978 -122.4158 21.7
60089708 2014_Q4 1934 Carl 45.9128 -122.8285 24.6
60882882 2014_Q4 1911 Carl 45.6907 -122.82 24.9
60883217 2014_Q4 1799 Carl 46.9727 -122.2037 0
60884357 2014_Q4 1913 Carl 45.9217 -122.41 12.6
60884627 2014_Q4 1915 Carl 45.936 -122.7365 19.2
60884677 2014_Q4 1935 Carl 45.9372 -122.739 20.4
60884897 2014_Q4 1936 Carl 45.9433 -122.7337 20.9
60885072 2014_Q4 1937 Carl 45.9362 -122.7377 20.1
60885162 2014_Q4 1916 Carl 46.4818 -122.6615 25
60885977 2014_Q4 1920 Carl 46.3275 -122.2452 12.1
60886497 2014_Q4 1814 Carl 45.6828 -122.3893 0
60886597 2014_Q4 1921 Carl 46.7603 -121.8988 7.9
60091708 2014_Q4 1923 Carl 46.5908 -122.421 16.9
60887167 2014_Q4 1924 Carl 46.712 -122.2152 10.2
60887377 2014_Q4 1821 Carl 46.4625 -122.4425 0
60888337 2014_Q4 1927 Carl 45.3732 -121.707 1.9
60895352 2014_Q4 1928 Carl 45.8947 -122.2855 10.6
60895417 2014_Q4 1938 Carl 46.2657 -122.0525 11
60896372 2014_Q4 1939 Carl 46.794 -121.933 11.4
60094608 2014_Q4 1941 Carl 45.7185 -122.4733 16.5
60911406 2014_Q4 1942 Carl 46.4862 -122.389 19.3
60911481 2014_Q4 1943 Carl 46.51 -122.607 17.4
60914901 2014_Q4 1944 Carl 45.7513 -123.019 26.7
60914941 2014_Q4 1945 Carl 45.8557 -122.9498 24.8
60914981 2014_Q4 1946 Carl 45.8627 -122.933 24.3
60920446 2014_Q4 1947 Carl 46.2435 -122.556 13.5
60921481 2014_Q4 1948 Carl 46.51 -122.5083 0.6
60921536 2014_Q4 1949 Carl 46.4202 -122.3903 18.9
60918327 2014_Q4 1827 Carl 46.2142 -121.5102 0
60100208 2014_Q4 1893 Carl 45.7972 -122.4443 0
60920402 2014_Q4 1951 Carl 45.753 -121.827 6.2
60920422 2014_Q4 1952 Carl 45.8318 -122.4757 10.8
60920837 2014_Q4 1953 Carl 46.5347 -122.3427 19.1
60921412 2014_Q4 1970 Carl 46.3153 -122.2502 4.5
60921417 2014_Q4 1954 Carl 46.5307 -122.3037 19.8
60921577 2014_Q4 1955 Carl 46.5323 -122.3412 20.4
60100413 2014_Q4 1957 Carl 45.8157 -122.4495 11.1
60923252 2014_Q4 1958 Carl 46.4515 -122.3562 13.8
60100708 2014_Q4 1896 Carl 45.835 -122.4123 0
60925382 2014_Q4 1929 Carl 46.6283 -122.15 18.5
60925397 2014_Q4 1959 Carl 45.7388 -121.792 8.7
60925622 2014_Q4 1960 Carl 46.32 -122.3768 14
60925652 2014_Q4 1961 Carl 46.5757 -121.7505 2.3
60925812 2014_Q4 1930 Carl 46.403 -122.5808 18.8
60926072 2014_Q4 1962 Carl 46.1802 -122.322 9.5
60938286 2014_Q4 1963 Carl 46.243 -122.114 10.8
60941111 2014_Q4 1964 Carl 46.4428 -122.446 18.4
60941931 2014_Q4 1897 Carl 46.5303 -122.0003 0
60942436 2014_Q4 1967 Carl 45.6512 -122.6933 17.1
60942591 2014_Q4 1968 Carl 46.5747 -122.408 14.3
60942976 2014_Q4 1969 Carl 46.5283 -121.7482 5.3
60946801 2014_Q4 1900 Carl 46.3452 -122.6128 0
60938852 2014_Q4 1971 Carl 45.6265 -121.744 9
60939002 2014_Q4 1932 Carl 45.976 -122.1208 6.4
60941802 2014_Q4 1972 Carl 46.1337 -122.1673 6.3
60941807 2014_Q4 1973 Carl 46.1267 -122.1677 5.9
60941982 2014_Q4 1975 Carl 46.4768 -122.2562 18.6
60942682 2014_Q4 1976 Carl 46.4223 -122.4215 12.8
60943437 2014_Q4 1977 Carl 45.6453 -122.7577 19.9
60943992 2014_Q4 1933 Carl 45.9498 -122.4783 18
00000000 2014_Q4 1801 Carl 45.2113 -122.9237 43.2
60883242 2014_Q4 1912 Carl 46.2007 -122.1797 2.8
00000000 2014_Q4 1918 Carl 46.3259 -122.3737 12.8
60885842 2014_Q4 1919 Carl 46.4973 -122.4263 18.7
00000000 2014_Q4 1926 Carl 46.3279 -122.2344 10.5
60945007 2015_Q1 1314 Luke 46.056 -122.5172 17
60947747 2015_Q1 1282 Luke 46.6897 -121.8047 5.753
60947852 2015_Q1 1265 Luke 46.4833 -122.406 19.4
60948152 2015_Q1 1311 Luke 46.4788 -122.3953 17.4
60948742 2015_Q1 1318 Luke 46.2062 -122.6387 17.5
60948752 2015_Q1 1268 Luke 47.0022 -122.7068 50.6
60949062 2015_Q1 1269 Luke 45.773 -122.6982 16.8
60950382 2015_Q1 1270 Luke 46.8375 -121.9177 8.9
60951442 2015_Q1 1323 Luke 46.0985 -122.3463 1.3
60951957 2015_Q1 1310 Luke 45.6893 -121.5925 17.3
60952567 2015_Q1 1285 Luke 46.6715 -121.9665 13.8
60952822 2015_Q1 1287 Luke 46.69 -121.9283 4
60952867 2015_Q1 1316 Luke 46.2192 -122.485 0
60953087 2015_Q1 1289 Luke 46.0525 -122.1712 10.1
60953217 2015_Q1 1317 Luke 46.1225 -122.8442 0
60953662 2015_Q1 1321 Luke 46.3498 -122.4428 0
60953977 2015_Q1 1275 Luke 46.6853 -121.7762 1.2
60954042 2015_Q1 1290 Luke 46.1298 -122.4032 17.7
60954047 2015_Q1 1325 Luke 46.3205 -122.3398 18.1
60954112 2015_Q1 1276 Luke 46.3878 -122.2123 1.4
60954142 2015_Q1 1278 Luke 46.3863 -122.202 1.4
60965556 2015_Q1 1330 Carl 46.4895 -122.3195 19.7
60967476 2015_Q1 1291 Luke 46.6358 -121.6542 5.7
60968361 2015_Q1 1328 Luke 46.5208 -122.5445 0
60969101 2015_Q1 1329 Luke 46.6053 -121.757 14
60973481 2015_Q1 1292 Luke 46.2713 -122.2067 5.4
60973591 2015_Q1 1293 Luke 46.7498 -121.5938 8.4
60975756 2015_Q1 1296 Luke 46.5662 -122.3057 17.4
60975816 2015_Q1 1297 Luke 46.3945 -121.8505 10.1
60976106 2015_Q1 1298 Luke 46.8247 -121.9167 12.1
60977366 2015_Q1 1302 Luke 46.3497 -122.2545 12.3
60979186 2015_Q1 1336 Carl 46.393 -122.2227 3.6
60980281 2015_Q1 1332 Carl 45.9735 -122.4355 20.5
60983881 2015_Q1 1333 Carl 46.3478 -122.2547 12.5
60984251 2015_Q1 1309 Luke 46.198 -122.1793 3.2
60984956 2015_Q1 1334 Carl 46.3272 -122.2688 15.7
60987841 2015_Q1 1303 Luke 46.8463 -121.7733 1
60987856 2015_Q1 1304 Luke 46.8428 -121.7645 2.6
60988386 2015_Q1 1335 Carl 46.4698 -122.3565 18.7
60988761 2015_Q1 1306 Luke 46.8552 -121.7563 3.1
60989106 2015_Q1 1307 Luke 46.4443 -122.3377 0
60989366 2015_Q1 1320 Luke 46.4377 -122.0568 0
60989961 2015_Q1 1308 Luke 46.7338 -121.951 7.3
60990276 2015_Q1 1337 Carl 46.4885 -122.3982 21.6
00000000 2015_Q1 1279 Luke 46.2648 -122.0869 2.1
00000000 2015_Q1 1281 Luke 46.4085 -122.3665 0.0757
00000000 2015_Q1 1322 Luke 45.9747 -122.4371 15.19
60947392 2015_Q1 1264 Luke 45.6723 -122.7632 19.3
00000000 2015_Q1 1313 Luke 45.6522 -122.3905 0.7619
00000000 2015_Q1 1326 Luke 46.3838 -122.3224 0.949
00000000 2015_Q1 1266 Luke 47.4691 -122.722 14.6221
00000000 2015_Q1 1324 Luke 46.7323 -121.1459 0.0006
00000000 2015_Q1 1283 Luke 46.3405 -122.247 10.2734
00000000 2015_Q1 1284 Luke 46.0669 -122.0957 8.5774
60951422 2015_Q1 1272 Luke 46.2033 -122.1895 1.9
60952562 2015_Q1 1274 Luke 45.6455 -122.7722 8
60974111 2015_Q1 1182 Luke 46.7988 -122.6408 0
60976981 2015_Q1 1300 Luke 46.1593 -123.4317 0
61021821 2015_Q2 1741 Luke 46.8565 -122.6642 15.7
61003942 2015_Q2 1742 Luke 46.7395 -121.9013 4.7
61024026 2015_Q2 1743 Luke 46.5305 -121.7908 4.6
61026521 2015_Q2 1744 Luke 46.4775 -121.8487 11.9
61025156 2015_Q2 1745 Luke 45.7013 -122.779 23.6
61027891 2015_Q2 1746 Luke 46.8653 -121.9755 10.4
61030621 2015_Q2 1747 Luke 46.0945 -122.0788 10.7
61020742 2015_Q2 1748 Luke 46.4852 -122.409 19.2
61024617 2015_Q2 1750 Luke 46.0823 -122.384 15.8
61034882 2015_Q2 1751 Luke 46.6932 -121.8953 2.1
61035102 2015_Q2 1753 Luke 46.2853 -122.1987 5.1
61035942 2015_Q2 1754 Luke 46.6925 -122.3755 19.6
61025261 2015_Q2 1755 Luke 46.8863 -121.9547 13.2
61026907 2015_Q2 1756 Carl 45.2997 -122.1247 16.1
60995681 2015_Q2 1757 Carl 46.1498 -122.1883 3.3
60998782 2015_Q2 1758 Carl 46.5135 -122.445 20
61002462 2015_Q2 1759 Carl 46.5405 -122.4075 18.3
61042216 2015_Q2 1760 Carl 45.6617 -122.759 19.5
60993886 2015_Q2 1703 Luke 46.8208 -121.9528 11.5
60993381 2015_Q2 1704 Luke 46.1585 -122.779 19.8
60993376 2015_Q2 1705 Luke 46.152 -122.7715 19.7
60993386 2015_Q2 1706 Luke 46.1713 -122.7738 19.8
60993391 2015_Q2 1707 Luke 46.1828 -122.7785 19.4
60993686 2015_Q2 1708 Luke 45.656 -122.7745 19.1
60996006 2015_Q2 1710 Luke 46.789 -121.9308 6.2
60999111 2015_Q2 1711 Luke 46.3452 -122.2475 12.3
60999146 2015_Q2 1714 Luke 46.5435 -121.8105 6.1
60989637 2015_Q2 1717 Luke 46.2175 -122.4823 18.5
60988942 2015_Q2 1718 Luke 46.1477 -122.7395 15.8
60990117 2015_Q2 1719 Luke 46.1495 -122.4015 15.5
60991487 2015_Q2 1720 Luke 46.1757 -122.3367 12.8
60992657 2015_Q2 1722 Luke 46.4497 -122.4832 17.9
60994627 2015_Q2 1723 Luke 46.7487 -121.9052 11.9
60995582 2015_Q2 1724 Luke 46.4645 -121.2725 10
60996017 2015_Q2 1725 Luke 46.2687 -122.0552 10.6
60998462 2015_Q2 1726 Luke 46.205 -122.6772 19.8
61004117 2015_Q2 1728 Luke 46.3172 -122.3768 15.5
61005057 2015_Q2 1729 Luke 45.9268 -122.3972 11.8
60985377 2015_Q2 1730 Luke 45.5138 -122.8165 23.7
60985962 2015_Q2 1731 Luke 46.1758 -122.7762 20.4
60999446 2015_Q2 1732 Luke 45.9393 -122.3947 11.9
60999561 2015_Q2 1733 Luke 46.1973 -122.1798 2.8
60993342 2015_Q2 1734 Luke 45.643 -122.7613 19.2
61001967 2015_Q2 1735 Luke 46.8473 -121.7657 0.8
61002997 2015_Q2 1736 Luke 45.6162 -122.4647 6.7
61004122 2015_Q2 1737 Carl 46.3235 -122.382 15.3
61021816 2015_Q2 1738 Luke 46.8492 -122.6733 17
61037487 2015_Q3 1773 Carl 45.875 -121.972 8.6
61039302 2015_Q3 1774 Carl 46.346 -122.2498 11.6
61039647 2015_Q3 1776 Carl 46.2265 -122.4862 17.8
61041037 2015_Q3 1777 Carl/Nancy 46.2423 -122.53 13.8
61041307 2015_Q3 1778 Carl/Nancy 46.282 -122.2052 5.3
61054416 2015_Q3 1779 Carl/Nancy 46.4428 -122.2748 20.7
61055186 2015_Q3 1780 Carl/Nancy 45.7098 -122.1963 0
61043562 2015_Q3 1781 Carl/Nancy 45.8207 -122.5093 19.4
61043882 2015_Q3 1782 Nancy 46.4825 -122.3753 22.2
61043932 2015_Q3 1783 Carl/Nancy 45.8008 -122.5202 13.4
61044097 2015_Q3 1784 Nancy 45.6467 -122.8297 10.1
61044302 2015_Q3 1786 Nancy 46.5337 -122.01 8.5
61044377 2015_Q3 1787 Nancy 47.0743 -121.9912 19.6
61044822 2015_Q3 1789 Nancy 46.1065 -122.0383 7
61045417 2015_Q3 1791 Nancy 46.0075 -122.0693 14.7
61045682 2015_Q3 1792 Nancy 46.2567 -122.0532 11
61045772 2015_Q3 1794 Nancy 46.6432 -121.8663 6.8
61046517 2015_Q3 1795 Nancy 46.5163 -122.4462 19.2
61047327 2015_Q3 1797 Nancy 46.6812 -122.4203 60
61048567 2015_Q3 1798 Nancy 46.4037 -122.3155 20
61049447 2015_Q3 1799 Nancy 46.2362 -122.4867 21.9
61049937 2015_Q3 1800 Nancy 46.8498 -121.8755 8.2
61064386 2015_Q3 1802 Nancy 46.7553 -121.9398 10.4
61064411 2015_Q3 1803 Nancy 46.8202 -122.7888 54.6
61065291 2015_Q3 1804 Nancy 45.9357 -121.9387 9.4
61065496 2015_Q3 1805 Nancy 45.7448 -122.4922 18.4
61067586 2015_Q3 1810 Nancy 46.5393 -122.4217 21.5
61067781 2015_Q3 1811 Nancy 46.6162 -121.6855 10.5
61067826 2015_Q3 1812 Nancy 46.5937 -122.9855 55.1
61055907 2015_Q3 1814 Nancy 46.025 -122.1927 11.5
61055942 2015_Q3 1815 Nancy 45.8405 -122.269 12.5
61057477 2015_Q3 1817 Nancy 46.754 -122.1788 12
61071161 2015_Q3 1818 Nancy 46.716 -121.9125 3.1
61073876 2015_Q3 1819 Nancy 46.1483 -122.546 17.8
61074061 2015_Q3 1821 Nancy 46.7408 -121.897 1.1
61074116 2015_Q3 1822 Nancy 46.2817 -122.6463 10.7
61074226 2015_Q3 1823 Nancy 46.9117 -121.9658 17.4
61075136 2015_Q3 1824 Nancy 46.2197 -122.5418 12.1
61076306 2015_Q3 1825 Nancy 46.0085 -122.815 20.8
61063377 2015_Q3 1826 Nancy 46.4413 -122.2583 13.7
61063902 2015_Q3 1828 Nancy 45.9317 -122.3377 11.5
61064692 2015_Q3 1829 Nancy 46.6088 -121.7308 1.1
61065827 2015_Q3 1830 Nancy 46.4512 -122.2682 15.5
61066777 2015_Q3 1831 Nancy 46.5377 -122.5952 17.8
61066767 2015_Q3 1832 Nancy 46.5255 -122.6192 8.8
61067622 2015_Q3 1833 Nancy 45.9468 -122.029 12.6
61068232 2015_Q3 1835 Nancy 45.9565 -122.5935 15.2
61068542 2015_Q3 1836 Nancy 46.0218 -122.7753 17.7
61068862 2015_Q3 1838 Nancy 46.21 -122.8652 29.2
61070507 2015_Q3 1839 Nancy 46.912 -122.4968 18.6
61070722 2015_Q3 1840 Nancy 45.9888 -122.4378 15.6
61070902 2015_Q3 1841 Nancy 46.0873 -122.516 14.5
61071162 2015_Q3 1842 Nancy 45.5887 -122.4248 14.3
61071397 2015_Q3 1843 Nancy 46.5992 -121.7565 10.4
61086161 2015_Q3 1844 Nancy 46.5778 -121.7742 12.4
61087376 2015_Q4 1391 Nancy 46.252 -122.0567 10
61088091 2015_Q4 1392 Nancy 46.3055 -122.487 18.2
61088891 2015_Q4 1393 Nancy 46.303 -121.8923 10.1
61089191 2015_Q4 1395 Nancy 45.7608 -122.6002 16
61076407 2015_Q4 1396 Nancy 46.4445 -121.5967 5.8
61076847 2015_Q4 1398 Nancy 46.6057 -121.8027 7.3
61077607 2015_Q4 1400 Nancy 46.717 -121.9152 1.1
61077917 2015_Q4 1401 Nancy 46.69 -121.667 2.9
61077997 2015_Q4 1402 Nancy 46.0805 -122.2767 3.2
61080922 2015_Q4 1403 Nancy 46.317 -122.365 1.6
61083437 2015_Q4 1404 Nancy 45.96 -122.9105 23.9
61083447 2015_Q4 1405 Nancy 45.824 -122.959 24.9
61086087 2015_Q4 1407 Nancy 46.2037 -121.4527 -1.1
61086237 2015_Q4 1408 Nancy 46.2373 -121.4462 2
61101636 2015_Q4 1410 Nancy 46.391 -123.0405 17.3
61102876 2015_Q4 1412 Nancy 46.4217 -122.3585 15
61104171 2015_Q4 1413 Nancy 45.6817 -122.7548 22.2
61104576 2015_Q4 1414 Nancy 46.1928 -121.5493 0.2
61104946 2015_Q4 1416 Nancy 46.612 -122.5225 19.8
61091802 2015_Q4 1417 Nancy 46.2505 -122.4445 17.4
61093292 2015_Q4 1418 Nancy 46.6663 -121.8887 11.5
61094452 2015_Q4 1419 Nancy 46.099 -122.6252 13.6
61094497 2015_Q4 1420 Nancy 46.6488 -122.3013 29.6
61094857 2015_Q4 1421 Nancy 46.206 -122.3053 9.3
61095452 2015_Q4 1422 Nancy 45.93 -121.9992 19.6
61111566 2015_Q4 1423 Nancy 46.1363 -122.4563 18.6
61112371 2015_Q4 1424 Nancy 45.8967 -122.3922 8.3
61112891 2015_Q4 1427 Nancy 45.9968 -122.397 13.3
61114086 2015_Q4 1428 Nancy 46.0575 -122.627 17.5
61112886 2015_Q4 1380 Carl 46.2167 -122.15 9.1
61117206 2016_Q1 991 Carl 46.1957 -122.1807 2.3
61117931 2016_Q1 992 Nancy 46.0847 -122.4863 20.4
61102927 2016_Q1 993 Nancy 46.5085 -122.3152 21.5
61103842 2016_Q1 994 Nancy 45.7697 -122.9092 10
61104477 2016_Q1 996 Nancy 46.4427 -122.2353 7.5
61105652 2016_Q1 997 Nancy 46.0487 -122.6115 9.1
61106457 2016_Q1 998 Nancy 46.6632 -122.1402 18.8
61107367 2016_Q1 999 Nancy 46.2975 -122.3383 9.3
61108317 2016_Q1 1000 Nancy 46.4275 -121.5833 9.4
61108352 2016_Q1 1001 Nancy 45.9682 -122.9775 24.9
61125246 2016_Q1 1002 Nancy 46.3168 -122.1995 5.3
61126171 2016_Q1 1003 Nancy 46.6242 -122.3888 15.1
61126326 2016_Q1 1004 Nancy 45.8773 -122.2697 8.8
61167726 2016_Q3 2  45.9737 -122.0283 10.6
61168141 2016_Q3 15  46.4045 -122.211 10.5
00000000 2016_Q3 520 Carl   
00000000 2016_Q3 750 Carl   
00000000 2016_Q3 846 Carl   
00000000 2016_Q3 1383 Carl 46.382 -122.27 22
00000000 2016_Q3 1460 Carl   
00000000 2016_Q3 1653 Carl   
00000000 2016_Q3 1668 Carl   
00000000 2016_Q3 1692 Carl   
00000000 2016_Q3 1728 Carl   
00000000 2016_Q3 1737 Carl   
00000000 2016_Q3 1741 Carl   
00000000 2016_Q3 1760 Carl   
00000000 2016_Q3 1769 Carl   
00000000 2016_Q3 1775 Carl   
00000000 2016_Q3 1781 Carl   
00000000 2016_Q3 1814 Carl   
00000000 2016_Q3 1824 Carl   
00000000 2016_Q3 1828 Carl   
00000000 2016_Q3 1872 Carl   
00000000 2016_Q3 1902 Carl   
00000000 2016_Q3 1922 Carl   
00000000 2016_Q3 1925 Carl   
00000000 2016_Q3 1930 Carl   
00000000 2016_Q3 1932 Carl   
00000000 2016_Q3 1936 Carl   
00000000 2016_Q3 1946 Carl   
00000000 2016_Q3 1951 Carl   
00000000 2016_Q3 1954 Carl   
61176621 2016_Q3 2009 Carl 46.3153 -122.3262 15.2
61166132 2016_Q3 2010 Carl 46.329 -122.3113 7.1
61173607 2016_Q3 2011 Carl 46.3245 -122.2227 2
61173862 2016_Q3 2012 Carl 46.3237 -122.2223 2.5
61173867 2016_Q3 2013 Carl 46.3207 -122.2275 3.7
61173877 2016_Q3 2016 Carl 46.3248 -122.2522 4.2
61193071 2016_Q3 2017 Carl 46.313 -122.222 10.2
61180507 2016_Q3 2018 Carl 46.3202 -122.2398 13.6
61182132 2016_Q3 2019 Carl 46.3998 -122.2625 18.2
61185007 2016_Q3 2020 Carl 46.33 -122.22 8
61203036 2016_Q3 2021 Carl 46.3083 -122.2157 3.6
61204111 2016_Q3 2022 Carl 46.3142 -122.2215 6.9
61210641 2016_Q3 2023 Carl 46.3305 -122.2503 10.2
61213666 2016_Q3 2024 Carl 46.317 -122.2227 6.2
61201102 2016_Q3 2025 Carl 46.3337 -122.2565 8.7
61202012 2016_Q3 2026 Carl 46.3442 -122.2792 15.8
61203902 2016_Q3 2027 Carl 46.3933 -122.2537 5.3
61221406 2016_Q3 2028 Carl 46.35 -122.2387 9.2
61222746 2016_Q3 2029 Carl 46.3428 -122.247 11.1
61223631 2016_Q3 2030 Carl 46.348 -122.286 16.1
00000000 2016_Q3 2031 Carl 46.3365 -122.2276 7.5
00000000 2016_Q3 2032 Carl 46.3497 -122.3194 6.4
00000000 2016_Q3 2034 Carl 46.3307 -122.2396 12.3
00000000 2016_Q3 2035 Carl 46.3209 -122.3703 14.8
00000000 2016_Q3 2036 Carl 46.3473 -122.2145 10.6
00000000 2016_Q3 2037 Carl 46.3377 -122.317 9.1
00000000 2016_Q3 2038 Carl 46.3102 -122.2199 6.1
00000000 2016_Q3 2040 Carl 46.3663 -122.2174 5.6
00000000 2016_Q3 2041 Carl 46.3754 -122.2268 15.4
00000000 2016_Q3 2042 Carl 46.3108 -122.2076 5.4
00000000 2016_Q3 2043 Carl 46.3457 -122.2742 9
00000000 2016_Q3 2044 Carl 46.3503 -122.2573 12.4
00000000 2016_Q3 2045 Carl 46.3688 -122.2343 8.1
00000000 2016_Q3 2046 Carl 46.3599 -122.2479 13.2
00000000 2016_Q3 2047 Carl 46.3776 -122.2622 13.2
00000000 2016_Q3 2048 Carl 46.3518 -122.2699 17
00000000 2016_Q3 2049 Carl 46.3433 -122.2492 10
00000000 2016_Q3 2050 Carl 46.3502 -122.3174 5.9
00000000 2016_Q3 2051 Carl 46.3237 -122.2132 6.3
00000000 2016_Q3 2052 Carl 46.349 -122.2617 10.8
00000000 2016_Q3 2053 Carl 46.3258 -122.2183 5.6
61191301 2016_Q3 2062 Carl 46.4733 -122.3908 21.3
61185192 2016_Q3 2065 Carl 46.3425 -122.361 9.7
60826277 SHOTS 226 shot 46.396226 -121.9451 0
60826282 SHOTS 227 shot 46.456078 -122.330433 0
60826337 SHOTS 228 shot 46.294484 -122.067332 0
60826342 SHOTS 229 shot 46.34614 -122.277789 0
60826392 SHOTS 230 shot 46.59445 -121.815999 0
60826417 SHOTS 231 shot 46.185219 -122.405064 0
60826437 SHOTS 232 shot 46.187895 -122.624058 0
60826442 SHOTS 151 shot 46.713697 -121.552657 0
00000000 SHOTS 152 shot 46.200768 -121.773556 0
60826932 SHOTS 154 shot 45.991646 -122.698566 0
00000000 SHOTS 155 shot 46.184707 -121.992664 0
60826957 SHOTS 156 shot 46.048844 -122.444697 0
00000000 SHOTS 164 shot 46.081308 -122.132806 0
60827002 SHOTS 177 shot 46.073802 -122.3111 0
60827012 SHOTS 178 shot 45.692728 -122.883378 0
60831857 SHOTS 179 shot 46.479336 -123.029977 0
60831892 SHOTS 180 shot 45.979538 -121.680377 0
60831992 SHOTS 182 shot 46.446816 -122.703874 0
60832012 SHOTS 204 shot 45.831499 -121.397806 0
60832047 SHOTS 205 shot 46.345432 -122.568259 0
60832112 SHOTS 237 shot 46.310475 -122.342694 0
00000000 SHOTS 207 shot 46.044906 -121.83093 0
60832187 SHOTS 208 shot 46.124625 -122.024922 0
